name: bioimg
channels:
  - defaults
dependencies:
  - bzip2=1.0.8=h2bbff1b_6
  - ca-certificates=2026.3.19=haa95532_0
  - libexpat=2.7.5=hd7fb8db_0
  - libffi=3.4.4=hd77b12b_1
  - libzlib=1.3.1=h02ab6af_0
  - openssl=3.5.6=hbb43b14_0
  - packaging=26.0=py310haa95532_0
  - pip=26.0.1=pyhc872135_1
  - python=3.10.20=h1044e36_0
  - setuptools=82.0.1=py310haa95532_0
  - sqlite=3.51.2=hee5a0db_0
  - tk=8.6.15=hf199647_0
  - tzdata=2026a=he532380_0
  - ucrt=10.0.22621.0=haa95532_0
  - vc=14.3=h2df5915_10
  - vc14_runtime=14.44.35208=h4927774_10
  - vs2015_runtime=14.44.35208=ha6b5a95_10
  - wheel=0.46.3=py310haa95532_0
  - xz=5.8.2=h53af0af_0
  - zlib=1.3.1=h02ab6af_0
prefix: C:\Users\Usuario\miniconda3\envs\bioimg
